,TAG,Value,Time
0,B,0,402
1,R,55388,403
2,B,0,404
3,I,54438,405
4,B,0,406
5,R,55372,406
6,B,0,407
7,I,54473,408
8,B,0,409
9,R,55420,410
10,B,0,411
11,I,54473,411
12,B,0,412
13,R,55465,413
14,B,0,414
15,I,54454,415
16,B,0,416
17,R,55462,417
18,B,0,418
19,I,54464,418
20,B,0,419
21,R,55424,420
22,B,0,421
23,I,54486,422
24,B,0,423
25,R,55436,423
26,B,0,424
27,I,54457,425
28,B,0,426
29,R,55398,427
30,B,0,428
31,I,54464,429
32,B,0,430
33,R,55398,430
34,B,0,431
35,I,54460,432
36,B,0,433
37,R,55462,434
38,B,0,435
39,I,54502,435
40,B,0,436
41,R,55494,437
42,B,0,438
43,I,54448,439
44,B,0,440
45,R,55462,441
46,B,0,442
47,I,54489,442
48,B,0,443
49,R,55420,444
50,B,0,445
51,I,54505,446
52,B,0,447
53,R,55459,447
54,B,0,448
55,I,54518,449
56,B,0,450
57,R,55430,451
58,B,0,452
59,I,54505,453
60,B,0,454
61,R,55440,454
62,B,0,455
63,I,54489,456
64,B,0,457
65,R,55401,458
66,B,0,459
67,I,54566,459
68,B,0,460
69,R,55430,461
70,B,0,462
71,I,54588,463
72,B,0,464
73,R,55468,465
74,B,0,466
75,I,54521,466
76,B,0,467
77,R,55510,468
78,B,0,469
79,I,54531,470
80,B,0,471
81,R,55497,471
82,B,0,472
83,I,54540,473
84,B,0,474
85,R,55510,475
86,B,0,476
87,I,54521,477
88,B,0,478
89,R,55500,478
90,B,0,479
91,I,54518,480
92,B,0,481
93,R,55427,482
94,B,0,483
95,I,54563,483
96,B,0,484
97,R,55520,485
98,B,0,486
99,I,54460,487
100,B,0,488
101,R,55462,489
102,B,0,490
103,I,54640,490
104,B,0,491
105,R,55475,492
106,B,0,493
107,I,54560,494
108,B,0,495
109,R,55520,495
110,B,0,496
111,I,54579,497
112,B,0,498
113,R,55446,499
114,B,0,500
115,I,54588,501
116,B,0,502
117,R,55478,502
118,B,0,503
119,I,54560,504
120,B,0,505
121,R,55510,506
122,B,0,507
123,I,54576,507
124,B,0,508
125,R,55478,509
126,B,0,510
127,I,54576,511
128,B,0,512
129,R,55507,513
130,B,0,514
131,I,54582,514
132,B,0,515
133,R,55513,516
134,B,0,517
135,I,54672,518
136,B,0,519
137,R,55452,519
138,B,0,520
139,I,54611,521
140,B,0,522
141,R,55500,523
142,B,0,524
143,I,54614,525
144,B,0,526
145,R,55488,526
146,B,0,527
147,I,54672,528
148,B,0,529
149,R,55587,530
150,B,0,531
151,I,54553,531
152,B,0,532
153,R,55526,533
154,B,0,534
155,I,54604,535
156,B,0,536
157,R,55596,537
158,B,0,538
159,I,54627,538
160,B,0,539
161,R,55558,540
162,B,0,541
163,I,54627,542
164,B,0,543
165,R,55539,543
166,B,0,544
167,I,54608,545
168,B,0,546
169,R,55484,547
170,B,0,548
171,I,54624,549
172,B,0,550
173,R,55625,550
174,B,0,551
175,I,54646,552
176,B,0,553
177,R,55526,554
178,B,0,555
179,I,54691,555
180,B,0,556
181,R,55542,557
182,B,0,558
183,I,54678,559
184,B,0,560
185,R,55574,561
186,B,0,562
187,I,54713,562
188,B,0,563
189,R,55532,564
190,B,0,565
191,I,54678,566
192,B,0,567
193,R,55558,567
194,B,0,568
195,I,54656,569
196,B,0,570
197,R,55590,571
198,B,0,572
199,I,54678,573
200,B,0,574
201,R,55561,574
202,B,0,575
203,I,54700,576
204,B,0,577
205,R,55561,578
206,B,0,579
207,I,54640,579
208,B,0,580
209,R,55628,581
210,B,0,582
211,I,54752,583
212,B,0,584
213,R,55625,585
214,B,0,586
215,I,54662,586
216,B,0,587
217,R,55577,588
218,B,0,589
219,I,54736,590
220,B,0,591
221,R,55555,591
222,B,0,592
223,I,54780,593
224,B,0,594
225,R,55641,595
226,B,0,596
227,I,54681,597
228,B,0,598
229,R,55568,598
230,B,0,599
231,I,54771,600
232,B,0,601
233,R,55606,602
234,B,0,603
235,I,54800,603
236,B,0,604
237,R,55603,605
238,B,0,606
239,I,54812,607
240,B,0,608
241,R,55625,609
242,B,0,610
243,I,54896,610
244,B,0,611
245,R,55616,612
246,B,0,613
247,I,54732,614
248,B,0,615
249,R,55635,615
250,B,0,616
251,I,54934,617
252,B,0,618
253,R,55635,619
254,B,0,620
255,I,54809,621
256,B,0,622
257,R,55657,622
258,B,0,623
259,I,54771,624
260,B,0,625
261,R,55692,626
262,B,0,627
263,I,54803,627
264,B,0,628
265,R,55651,629
266,B,0,630
267,I,54761,631
268,B,0,632
269,R,55638,633
270,B,0,634
271,I,54796,634
272,B,0,635
273,R,55632,636
274,B,0,637
275,I,54841,638
276,B,0,639
277,R,55708,639
278,B,0,640
279,I,54796,641
280,B,0,642
281,R,55648,643
282,B,0,644
283,I,54873,645
284,B,0,646
285,R,55596,646
286,B,0,647
287,I,54857,648
288,B,0,649
289,R,55667,650
290,B,0,651
291,I,54825,651
292,B,0,652
293,R,55619,653
294,B,0,654
295,I,54835,655
296,B,0,656
297,R,55676,657
298,B,0,658
299,I,54867,658
300,B,0,659
301,R,55699,660
302,B,0,661
303,I,54886,662
304,B,0,663
305,R,55702,663
306,B,0,664
307,I,54867,665
308,B,0,666
309,R,55692,667
310,B,0,668
311,I,54880,669
312,B,0,670
313,R,55811,670
314,B,0,671
315,I,54899,672
316,B,0,673
317,R,55683,674
318,B,0,675
319,I,54857,675
320,B,0,676
321,R,55712,677
322,B,0,678
323,I,54832,679
324,B,0,680
325,R,55670,681
326,B,0,682
327,I,54908,682
328,B,0,683
329,R,55763,684
330,B,0,685
331,I,54918,686
332,B,0,687
333,R,55667,687
334,B,0,688
335,I,54915,689
336,B,0,690
337,R,55686,691
338,B,0,692
339,I,54918,693
340,B,0,694
341,R,55747,694
342,B,0,695
343,I,54921,696
344,B,0,697
345,R,55676,698
346,B,0,699
347,I,54873,699
348,B,0,700
349,R,55664,701
350,B,0,702
351,I,54950,703
352,B,0,704
353,R,55696,705
354,B,0,706
355,I,54912,706
356,B,0,707
357,R,55692,708
358,B,0,709
359,I,54960,710
360,B,0,711
361,R,55692,711
362,B,0,712
363,I,54921,713
364,B,0,714
365,R,55756,715
366,B,0,716
367,I,54931,717
368,B,0,718
369,R,55718,718
370,B,0,719
371,I,54979,720
372,B,0,721
373,R,55763,722
374,B,0,723
375,I,54928,723
376,B,0,724
377,R,55756,725
378,B,0,726
379,I,54976,727
380,B,0,728
381,R,55769,729
382,B,0,730
383,I,55059,730
384,B,0,731
385,R,55750,732
386,B,0,733
387,I,54963,734
388,B,0,735
389,R,55779,735
390,B,0,736
391,I,55017,737
392,B,0,738
393,R,55772,739
394,B,0,740
395,I,55024,741
396,B,0,742
397,R,55801,742
398,B,0,743
399,I,54976,744
400,B,0,745
401,R,55804,746
402,B,0,747
403,I,55004,747
404,B,0,748
405,R,55782,749
406,B,0,750
407,I,55027,751
408,B,0,752
409,R,55814,753
410,B,0,754
411,I,55024,754
412,B,0,755
413,R,55840,756
414,B,0,757
415,I,55104,758
416,B,0,759
417,R,55820,759
418,B,0,760
419,I,55052,761
420,B,0,762
421,R,55788,763
422,B,0,764
423,I,55056,765
424,B,0,766
425,R,55776,766
426,B,0,767
427,I,55075,768
428,B,0,769
429,R,55763,770
430,B,0,771
431,I,55081,771
432,B,0,772
433,R,55792,773
434,B,0,774
435,I,55126,775
436,B,0,776
437,R,55907,777
438,B,0,778
439,I,55062,778
440,B,0,779
441,R,55817,780
442,B,0,781
443,I,55094,782
444,B,0,783
445,R,55788,783
446,B,0,784
447,I,55129,785
448,B,0,786
449,R,55859,787
450,B,0,788
451,I,55097,789
452,B,0,790
453,R,55798,790
454,B,0,791
455,I,55088,792
456,B,0,793
457,R,55840,794
458,B,0,795
459,I,55084,795
460,B,0,796
461,R,55840,797
462,B,0,798
463,I,55116,799
464,B,0,800
465,R,55872,801
466,B,0,802
467,I,55107,802
468,B,0,803
469,R,55900,804
470,B,0,805
471,I,55180,806
472,B,0,807
473,R,55798,807
474,B,0,808
475,I,55145,809
476,B,0,810
477,R,55891,811
478,B,0,812
479,I,55196,813
480,B,0,814
481,R,55865,814
482,B,0,815
483,I,55222,816
484,B,0,817
485,R,55926,818
486,B,0,819
487,I,55187,819
488,B,0,820
489,R,55875,821
490,B,0,822
491,I,55168,823
492,B,0,824
493,R,55920,825
494,B,0,826
495,I,55219,826
496,B,0,827
497,R,55872,828
498,B,0,829
499,I,55187,830
500,B,0,831
501,R,55881,831
502,B,0,832
503,I,55180,833
504,B,0,834
505,R,55865,835
506,B,0,836
507,I,55212,837
508,B,0,838
509,R,55884,838
510,B,0,839
511,I,55244,840
512,B,0,841
513,R,55881,842
514,B,0,843
515,I,55209,843
516,B,0,844
517,R,55894,845
518,B,0,846
519,I,55174,847
520,B,0,848
521,R,55872,849
522,B,0,850
523,I,55251,850
524,B,0,851
525,R,55910,852
526,B,0,853
527,I,55212,854
528,B,0,855
529,R,55875,855
530,B,0,856
531,I,55267,857
532,B,0,858
533,R,55888,859
534,B,0,860
535,I,55267,861
536,B,0,862
537,R,55958,862
538,B,0,863
539,I,55260,864
540,B,0,865
541,R,55939,866
542,B,0,867
543,I,55180,867
544,B,0,868
545,R,55891,869
546,B,0,870
547,I,55260,871
548,B,0,872
549,R,55894,873
550,B,0,874
551,I,55260,874
552,B,0,875
553,R,55948,876
554,B,0,877
555,I,55289,878
556,B,0,879
557,R,55875,879
558,B,0,880
559,I,55238,881
560,B,0,882
561,R,55897,883
562,B,0,884
563,I,55251,885
564,B,0,886
565,R,55916,886
566,B,0,887
567,I,55289,888
568,B,0,889
569,R,55932,890
570,B,0,891
571,I,55264,891
572,B,0,892
573,R,55900,893
574,B,0,894
575,I,55203,895
576,B,0,896
577,R,55897,897
578,B,0,898
579,I,55235,898
580,B,0,899
581,R,55888,900
582,B,0,901
583,I,55260,902
584,B,0,903
585,R,55865,903
586,B,0,904
587,I,55168,905
588,B,0,906
589,R,55820,907
590,B,0,908
591,I,55193,909
592,B,0,910
593,R,55875,910
594,B,0,911
595,I,55139,912
596,B,0,913
597,R,55814,914
598,B,0,915
599,I,55164,915
600,B,0,916
601,R,55833,917
602,B,0,918
603,I,55152,919
604,B,0,920
605,R,55852,921
606,B,0,922
607,I,55104,922
608,B,0,923
609,R,55817,924
610,B,0,925
611,I,55081,926
612,B,0,927
613,R,55731,927
614,B,0,928
615,I,55174,929
616,B,0,930
617,R,55782,931
618,B,0,932
619,I,55049,933
620,B,0,934
621,R,55760,934
622,B,0,935
623,I,55001,936
624,B,0,937
625,R,55740,938
626,B,0,939
627,I,54963,939
628,B,0,940
629,R,55760,941
630,B,0,942
631,I,54998,943
632,B,0,944
633,R,55728,945
634,B,0,946
635,I,54905,946
636,B,0,947
637,R,55712,948
638,B,0,949
639,I,54896,950
640,B,0,951
641,R,55670,951
642,B,0,952
643,I,54908,953
644,B,0,954
645,R,55683,955
646,B,0,956
647,I,54851,957
648,B,0,958
649,R,55657,958
650,B,0,959
651,I,54825,960
652,B,0,961
653,R,55622,962
654,B,0,963
655,I,54848,963
656,B,0,964
657,R,55676,965
658,B,0,966
659,I,54816,967
660,B,0,968
661,R,55590,969
662,B,0,970
663,I,54790,970
664,B,0,971
665,R,55612,972
666,B,0,973
667,I,54780,974
668,B,0,975
669,R,55625,975
670,B,0,976
671,I,54793,977
672,B,0,978
673,R,55568,979
674,B,0,980
675,I,54668,981
676,B,0,982
677,R,55590,982
678,B,0,983
679,I,54720,984
680,B,0,985
681,R,55609,986
682,B,0,987
683,I,54723,987
684,B,0,988
685,R,55500,989
686,B,0,990
687,I,54700,991
688,B,0,992
689,R,55593,993
690,B,0,994
691,I,54668,994
692,B,0,995
693,R,55635,996
694,B,0,997
695,I,54694,998
696,B,0,999
697,R,55600,999
698,B,0,1000
699,I,54704,1001
700,B,0,1002
701,R,55590,1003
702,B,0,1004
703,I,54684,1005
704,B,0,1006
705,R,55552,1007
706,B,0,1008
707,I,54675,1009
708,B,0,1010
709,R,55536,1011
710,B,0,1012
711,I,54646,1013
712,B,0,1014
713,R,55545,1014
714,B,0,1016
715,I,54665,1016
716,B,0,1017
717,R,55596,1018
718,B,0,1019
719,I,54611,1020
720,B,0,1021
721,R,55622,1022
722,B,0,1023
723,I,54681,1024
724,B,0,1025
725,R,55609,1026
726,B,0,1027
727,I,54684,1028
728,B,0,1029
729,R,55596,1029
730,B,0,1031
731,I,54617,1031
732,B,0,1032
733,R,55593,1033
734,B,0,1034
735,I,54691,1035
736,B,0,1036
737,R,55606,1037
738,B,0,1038
739,I,54691,1039
740,B,0,1040
741,R,55561,1041
742,B,0,1042
743,I,54694,1043
744,B,0,1044
745,R,55609,1045
746,B,0,1046
747,I,54745,1046
748,B,0,1048
749,R,55564,1048
750,B,0,1049
751,I,54771,1050
752,B,0,1051
753,R,55590,1052
754,B,0,1053
755,I,54710,1054
756,B,0,1055
757,R,55638,1056
758,B,0,1057
759,I,54806,1058
760,B,0,1059
761,R,55580,1060
762,B,0,1061
763,I,54700,1062
764,B,0,1063
765,R,55651,1063
766,B,0,1065
767,I,54672,1065
768,B,0,1066
769,R,55587,1067
770,B,0,1068
771,I,54659,1069
772,B,0,1070
773,R,55619,1071
774,B,0,1072
775,I,54780,1073
776,B,0,1074
777,R,55625,1075
778,B,0,1076
779,I,54697,1077
780,B,0,1078
781,R,55648,1079
782,B,0,1080
783,I,54697,1080
784,B,0,1082
785,R,55548,1082
786,B,0,1083
787,I,54729,1084
788,B,0,1085
789,R,55580,1086
790,B,0,1087
791,I,54707,1088
792,B,0,1089
793,R,55590,1090
794,B,0,1091
795,I,54761,1092
796,B,0,1093
797,R,55616,1094
798,B,0,1095
799,I,54694,1095
800,B,0,1097
801,R,55622,1097
802,B,0,1098
803,I,54710,1099
804,B,0,1100
805,R,55516,1101
806,B,0,1102
807,I,54662,1103
808,B,0,1104
809,R,55625,1105
810,B,0,1106
811,I,54646,1107
812,B,0,1108
813,R,55619,1109
814,B,0,1110
815,I,54713,1111
816,B,0,1112
817,R,55651,1112
818,B,0,1114
819,I,54688,1114
820,B,0,1115
821,R,55584,1116
822,B,0,1117
823,I,54710,1118
824,B,0,1119
825,R,55574,1120
826,B,0,1121
827,I,54729,1122
828,B,0,1123
829,R,55625,1124
830,B,0,1125
831,I,54697,1126
832,B,0,1127
833,R,55641,1128
834,B,0,1129
835,I,54710,1129
836,B,0,1131
837,R,55644,1131
838,B,0,1132
839,I,54694,1133
840,B,0,1134
841,R,55622,1135
842,B,0,1136
843,I,54828,1137
844,B,0,1138
845,R,55622,1139
846,B,0,1140
847,I,54761,1141
848,B,0,1142
849,R,55593,1143
850,B,0,1144
851,I,54758,1145
852,B,0,1146
853,R,55635,1146
854,B,0,1148
855,I,54736,1148
856,B,0,1149
857,R,55692,1150
858,B,0,1151
859,I,54755,1152
860,B,0,1153
861,R,55721,1154
862,B,0,1155
863,I,54796,1156
864,B,0,1157
865,R,55667,1158
866,B,0,1159
867,I,54675,1160
868,B,0,1161
869,R,55632,1161
870,B,0,1163
871,I,54768,1163
872,B,0,1164
873,R,55619,1165
874,B,0,1166
875,I,54812,1167
876,B,0,1168
877,R,55603,1169
878,B,0,1170
879,I,54771,1171
880,B,0,1172
881,R,55625,1173
882,B,0,1174
883,I,54774,1175
884,B,0,1176
885,R,55644,1177
886,B,0,1178
887,I,54752,1178
888,B,0,1180
889,R,55660,1180
890,B,0,1181
891,I,54774,1182
892,B,0,1183
893,R,55622,1184
894,B,0,1185
895,I,54809,1186
896,B,0,1187
897,R,55673,1188
898,B,0,1189
899,I,54793,1190
900,B,0,1191
901,R,55651,1192
902,B,0,1193
903,I,54761,1194
904,B,0,1195
905,R,55664,1195
906,B,0,1197
907,I,54777,1197
908,B,0,1198
909,R,55676,1199
910,B,0,1200
911,I,54832,1201
912,B,0,1202
913,R,55724,1203
914,B,0,1204
915,I,54777,1205
916,B,0,1206
917,R,55657,1207
918,B,0,1208
919,I,54803,1209
920,B,0,1210
921,R,55651,1211
922,B,0,1212
923,I,54774,1212
924,B,0,1214
925,R,55625,1214
926,B,0,1215
927,I,54835,1216
928,B,0,1217
929,R,55676,1218
930,B,0,1219
931,I,54809,1220
932,B,0,1221
933,R,55702,1222
934,B,0,1223
935,I,54777,1224
936,B,0,1225
937,R,55683,1226
938,B,0,1227
939,I,54755,1227
940,B,0,1229
941,R,55670,1229
942,B,0,1230
943,I,54800,1231
944,B,0,1232
945,R,55705,1233
946,B,0,1234
947,I,54812,1235
948,B,0,1236
949,R,55715,1237
950,B,0,1238
951,I,54790,1239
952,B,0,1240
953,R,55715,1241
954,B,0,1242
955,I,54771,1243
956,B,0,1244
957,R,55702,1244
958,B,0,1246
959,I,54832,1246
960,B,0,1247
961,R,55660,1248
962,B,0,1249
963,I,54870,1250
964,B,0,1251
965,R,55737,1252
966,B,0,1253
967,I,54873,1254
968,B,0,1255
969,R,55760,1256
970,B,0,1257
971,I,54880,1258
972,B,0,1259
973,R,55702,1260
974,B,0,1261
975,I,54793,1261
976,B,0,1263
977,R,55744,1263
978,B,0,1264
979,I,54822,1265
980,B,0,1266
981,R,55724,1267
982,B,0,1268
983,I,54803,1269
984,B,0,1270
985,R,55779,1271
986,B,0,1272
987,I,54860,1273
988,B,0,1274
989,R,55760,1275
990,B,0,1276
991,I,54828,1277
992,B,0,1278
993,R,55817,1278
994,B,0,1280
995,I,54883,1280
996,B,0,1281
997,R,55696,1282
998,B,0,1283
999,I,54915,1284
1000,B,0,1285
1001,R,55785,1286
1002,B,0,1287
1003,I,54928,1288
1004,B,0,1289
1005,R,55769,1290
1006,B,0,1291
1007,I,54931,1292
1008,B,0,1293
1009,R,55737,1293
1010,B,0,1295
1011,I,54921,1295
1012,B,0,1296
1013,R,55827,1297
1014,B,0,1298
1015,I,54966,1299
1016,B,0,1300
1017,R,55804,1301
1018,B,0,1302
1019,I,54950,1303
1020,B,0,1304
1021,R,55814,1305
1022,B,0,1306
1023,I,54944,1307
1024,B,0,1308
1025,R,55808,1309
1026,B,0,1310
1027,I,54940,1310
1028,B,0,1312
1029,R,55814,1312
1030,B,0,1313
1031,I,54953,1314
1032,B,0,1315
1033,R,55830,1316
1034,B,0,1317
1035,I,54982,1318
1036,B,0,1319
1037,R,55811,1320
1038,B,0,1321
1039,I,54940,1322
1040,B,0,1323
1041,R,55817,1324
1042,B,0,1325
1043,I,54947,1326
1044,B,0,1327
1045,R,55859,1327
1046,B,0,1329
1047,I,54992,1329
1048,B,0,1330
1049,R,55792,1331
1050,B,0,1332
1051,I,55011,1333
1052,B,0,1334
1053,R,55830,1335
1054,B,0,1336
1055,I,55049,1337
1056,B,0,1338
1057,R,55795,1339
1058,B,0,1340
1059,I,55065,1341
1060,B,0,1342
1061,R,55833,1343
1062,B,0,1344
1063,I,55030,1344
1064,B,0,1346
1065,R,55872,1346
1066,B,0,1347
1067,I,55001,1348
1068,B,0,1349
1069,R,55865,1350
1070,B,0,1351
1071,I,55024,1352
1072,B,0,1353
1073,R,55859,1354
1074,B,0,1355
1075,I,55056,1356
1076,B,0,1357
1077,R,55868,1358
1078,B,0,1359
1079,I,55097,1359
1080,B,0,1361
1081,R,55878,1361
1082,B,0,1362
1083,I,55036,1363
1084,B,0,1364
1085,R,55820,1365
1086,B,0,1366
1087,I,55056,1367
1088,B,0,1368
1089,R,55836,1369
1090,B,0,1370
1091,I,55072,1371
1092,B,0,1372
1093,R,55843,1373
1094,B,0,1374
1095,I,55104,1375
1096,B,0,1376
1097,R,55833,1376
1098,B,0,1378
1099,I,55075,1378
1100,B,0,1379
1101,R,55961,1380
1102,B,0,1381
1103,I,55123,1382
1104,B,0,1383
1105,R,55817,1384
1106,B,0,1385
1107,I,55036,1386
1108,B,0,1387
1109,R,55888,1388
1110,B,0,1389
1111,I,55068,1390
1112,B,0,1391
1113,R,55881,1392
1114,B,0,1393
1115,I,55094,1393
1116,B,0,1395
1117,R,55913,1395
1118,B,0,1396
1119,I,55104,1397
1120,B,0,1398
1121,R,55971,1399
1122,B,0,1400
1123,I,55152,1401
1124,B,0,1402
1125,R,55913,1403
1126,B,0,1404
1127,I,55100,1405
1128,B,0,1406
1129,R,55894,1407
1130,B,0,1408
1131,I,55177,1409
1132,B,0,1410
1133,R,55929,1410
1134,B,0,1412
1135,I,55116,1412
1136,B,0,1413
1137,R,55881,1414
1138,B,0,1415
1139,I,55139,1416
1140,B,0,1417
1141,R,55907,1418
1142,B,0,1419
1143,I,55116,1420
1144,B,0,1421
1145,R,55984,1422
1146,B,0,1423
1147,I,55056,1424
1148,B,0,1425
1149,R,55952,1425
1150,B,0,1427
1151,I,55097,1427
1152,B,0,1428
1153,R,55916,1429
1154,B,0,1430
1155,I,55120,1431
1156,B,0,1432
1157,R,55884,1433
1158,B,0,1434
1159,I,55142,1435
1160,B,0,1436
1161,R,55865,1437
1162,B,0,1438
1163,I,55129,1439
1164,B,0,1440
1165,R,55939,1441
1166,B,0,1442
1167,I,55142,1442
1168,B,0,1444
1169,R,55872,1444
1170,B,0,1445
1171,I,55113,1446
1172,B,0,1447
1173,R,55907,1448
1174,B,0,1449
1175,I,55187,1450
1176,B,0,1451
1177,R,55859,1452
1178,B,0,1453
1179,I,55139,1454
1180,B,0,1455
1181,R,55846,1456
1182,B,0,1457
1183,I,55158,1458
1184,B,0,1459
1185,R,55891,1459
1186,B,0,1461
1187,I,55168,1461
1188,B,0,1462
1189,R,55952,1463
1190,B,0,1464
1191,I,55139,1465
1192,B,0,1466
1193,R,55952,1467
1194,B,0,1468
1195,I,55155,1469
1196,B,0,1470
1197,R,55948,1471
1198,B,0,1472
1199,I,55164,1473
1200,B,0,1474
1201,R,55891,1475
1202,B,0,1476
1203,I,55184,1476
1204,B,0,1478
1205,R,55955,1478
1206,B,0,1479
1207,I,55276,1480
1208,B,0,1481
1209,R,55900,1482
1210,B,0,1483
1211,I,55177,1484
1212,B,0,1485
1213,R,55910,1486
1214,B,0,1487
1215,I,55123,1488
1216,B,0,1489
1217,R,55952,1490
1218,B,0,1491
1219,I,55148,1491
1220,B,0,1493
1221,R,55929,1493
1222,B,0,1494
1223,I,55286,1495
1224,B,0,1496
1225,R,55958,1497
1226,B,0,1498
1227,I,55196,1499
1228,B,0,1500
1229,R,55852,1501
1230,B,0,1502
1231,I,55200,1503
1232,B,0,1504
1233,R,55916,1505
1234,B,0,1506
1235,I,55184,1507
1236,B,0,1508
1237,R,55971,1508
1238,B,0,1510
1239,I,55180,1510
1240,B,0,1511
1241,R,55929,1512
1242,B,0,1513
1243,I,55129,1514
1244,B,0,1515
1245,R,55939,1516
1246,B,0,1517
1247,I,55148,1518
1248,B,0,1519
1249,R,55897,1520
1250,B,0,1521
1251,I,55286,1522
1252,B,0,1523
1253,R,55888,1524
1254,B,0,1525
1255,I,55190,1525
1256,B,0,1527
1257,R,55900,1527
1258,B,0,1528
1259,I,55251,1529
1260,B,0,1530
1261,R,55897,1531
1262,B,0,1532
1263,I,55222,1533
1264,B,0,1534
1265,R,55900,1535
1266,B,0,1536
1267,I,55219,1537
1268,B,0,1538
1269,R,55888,1539
1270,B,0,1540
1271,I,55225,1541
1272,B,0,1542
1273,R,55878,1542
1274,B,0,1544
1275,I,55190,1544
1276,B,0,1545
1277,R,55865,1546
1278,B,0,1547
1279,I,55219,1548
1280,B,0,1549
1281,R,55891,1550
1282,B,0,1551
1283,I,55337,1552
1284,B,0,1553
1285,R,55920,1554
1286,B,0,1555
1287,I,55200,1556
1288,B,0,1557
1289,R,55875,1557
1290,B,0,1559
1291,I,55228,1559
1292,B,0,1560
1293,R,55891,1561
1294,B,0,1562
1295,I,55235,1563
1296,B,0,1564
1297,R,55875,1565
1298,B,0,1566
1299,I,55276,1567
1300,B,0,1568
1301,R,55897,1569
1302,B,0,1570
1303,I,55254,1571
1304,B,0,1572
1305,R,55968,1573
1306,B,0,1574
1307,I,55276,1574
1308,B,0,1576
1309,R,55926,1576
1310,B,0,1577
1311,I,55196,1578
1312,B,0,1579
1313,R,55932,1580
1314,B,0,1581
1315,I,55251,1582
1316,B,0,1583
1317,R,55968,1584
1318,B,0,1585
1319,I,55267,1586
1320,B,0,1587
1321,R,56025,1588
1322,B,0,1589
1323,I,55280,1590
1324,B,0,1591
1325,R,55904,1591
1326,B,0,1593
1327,I,55289,1593
1328,B,0,1594
1329,R,56006,1595
1330,B,0,1596
1331,I,55257,1597
1332,B,0,1598
1333,R,55955,1599
1334,B,0,1600
1335,I,55302,1601
1336,B,0,1602
1337,R,55875,1603
1338,B,0,1604
1339,I,55244,1605
1340,B,0,1606
1341,R,55945,1607
1342,B,0,1608
1343,I,55315,1608
1344,B,0,1610
1345,R,55929,1610
1346,B,0,1611
1347,I,55267,1612
1348,B,0,1613
1349,R,55958,1614
1350,B,0,1615
1351,I,55324,1616
1352,B,0,1617
1353,R,56016,1618
1354,B,0,1619
1355,I,55286,1620
1356,B,0,1621
1357,R,55987,1622
1358,B,0,1623
1359,I,55276,1623
1360,B,0,1625
1361,R,55987,1625
1362,B,0,1626
1363,I,55356,1627
1364,B,0,1628
1365,R,56006,1629
1366,B,0,1630
1367,I,55308,1631
1368,B,0,1632
1369,R,55932,1633
1370,B,0,1634
1371,I,55353,1635
1372,B,0,1636
1373,R,56006,1637
1374,B,0,1638
1375,I,55315,1639
1376,B,0,1640
1377,R,55964,1640
1378,B,0,1642
1379,I,55366,1642
1380,B,0,1643
1381,R,55952,1644
1382,B,0,1645
1383,I,55244,1646
1384,B,0,1647
1385,R,55996,1648
1386,B,0,1649
1387,I,55353,1650
1388,B,0,1651
1389,R,55942,1652
1390,B,0,1653
1391,I,55344,1654
1392,B,0,1655
1393,R,55993,1656
1394,B,0,1657
1395,I,55344,1657
1396,B,0,1659
1397,R,56012,1659
1398,B,0,1660
1399,I,55340,1661
1400,B,0,1662
1401,R,56006,1663
1402,B,0,1664
1403,I,55299,1665
1404,B,0,1666
1405,R,56054,1667
1406,B,0,1668
1407,I,55369,1669
1408,B,0,1670
1409,R,56012,1671
1410,B,0,1672
1411,I,55376,1673
1412,B,0,1674
1413,R,55993,1674
1414,B,0,1676
1415,I,55388,1676
1416,B,0,1677
1417,R,56092,1678
1418,B,0,1679
1419,I,55379,1680
1420,B,0,1681
1421,R,56000,1682
1422,B,0,1683
1423,I,55424,1684
1424,B,0,1685
1425,R,56025,1686
1426,B,0,1687
1427,I,55376,1688
1428,B,0,1689
1429,R,56054,1689
1430,B,0,1691
1431,I,55369,1691
1432,B,0,1692
1433,R,56057,1693
1434,B,0,1694
1435,I,55392,1695
1436,B,0,1696
1437,R,56038,1697
1438,B,0,1698
1439,I,55353,1699
1440,B,0,1700
1441,R,55996,1701
1442,B,0,1702
1443,I,55440,1703
1444,B,0,1704
1445,R,56121,1705
1446,B,0,1706
1447,I,55513,1706
1448,B,0,1708
1449,R,56025,1708
1450,B,0,1709
1451,I,55446,1710
1452,B,0,1711
1453,R,56009,1712
1454,B,0,1713
1455,I,55404,1714
1456,B,0,1715
1457,R,56006,1716
1458,B,0,1717
1459,I,55427,1718
1460,B,0,1719
1461,R,56012,1720
1462,B,0,1721
1463,I,55436,1722
1464,B,0,1723
1465,R,56067,1723
1466,B,0,1725
1467,I,55449,1725
1468,B,0,1726
1469,R,56032,1727
1470,B,0,1728
1471,I,55372,1729
1472,B,0,1730
1473,R,56064,1731
1474,B,0,1732
1475,I,55449,1733
1476,B,0,1734
1477,R,56028,1735
1478,B,0,1736
1479,I,55446,1737
1480,B,0,1738
1481,R,56044,1739
1482,B,0,1740
1483,I,55420,1740
1484,B,0,1742
1485,R,56083,1742
1486,B,0,1743
1487,I,55449,1744
1488,B,0,1745
1489,R,56064,1746
1490,B,0,1747
1491,I,55462,1748
1492,B,0,1749
1493,R,56016,1750
1494,B,0,1751
1495,I,55481,1752
1496,B,0,1753
1497,R,56044,1754
1498,B,0,1755
1499,I,55440,1755
1500,B,0,1757
1501,R,55971,1757
1502,B,0,1758
1503,I,55484,1759
1504,B,0,1760
1505,R,56054,1761
1506,B,0,1762
1507,I,55440,1763
1508,B,0,1764
1509,R,56108,1765
1510,B,0,1766
1511,I,55465,1767
1512,B,0,1768
1513,R,56019,1769
1514,B,0,1770
1515,I,55408,1771
1516,B,0,1772
1517,R,56073,1772
1518,B,0,1774
1519,I,55388,1774
1520,B,0,1775
1521,R,56073,1776
1522,B,0,1777
1523,I,55459,1778
1524,B,0,1779
1525,R,56086,1780
1526,B,0,1781
1527,I,55484,1782
1528,B,0,1783
1529,R,56057,1784
1530,B,0,1785
1531,I,55532,1786
1532,B,0,1787
1533,R,56073,1788
1534,B,0,1789
1535,I,55523,1789
1536,B,0,1791
1537,R,56044,1791
1538,B,0,1792
1539,I,55513,1793
1540,B,0,1794
1541,R,56096,1795
1542,B,0,1796
1543,I,55529,1797
1544,B,0,1798
1545,R,56099,1799
1546,B,0,1800
1547,I,55577,1801
1548,B,0,1802
1549,R,56137,1803
1550,B,0,1804
1551,I,55488,1805
1552,B,0,1806
1553,R,56124,1806
1554,B,0,1808
1555,I,55523,1808
1556,B,0,1809
1557,R,56131,1810
1558,B,0,1811
1559,I,55532,1812
1560,B,0,1813
1561,R,56214,1814
1562,B,0,1815
1563,I,55568,1816
1564,B,0,1817
1565,R,56172,1818
1566,B,0,1819
1567,I,55616,1820
1568,B,0,1821
1569,R,56128,1821
1570,B,0,1823
1571,I,55529,1823
1572,B,0,1824
1573,R,56118,1825
1574,B,0,1826
1575,I,55638,1827
1576,B,0,1828
1577,R,56160,1829
1578,B,0,1830
1579,I,55609,1831
1580,B,0,1832
1581,R,56150,1833
1582,B,0,1834
1583,I,55660,1835
1584,B,0,1836
1585,R,56243,1837
1586,B,0,1838
1587,I,55686,1838
1588,B,0,1840
1589,R,56176,1840
1590,B,0,1841
1591,I,55667,1842
1592,B,0,1843
1593,R,56147,1844
1594,B,0,1845
1595,I,55632,1846
1596,B,0,1847
1597,R,56220,1848
1598,B,0,1849
1599,I,55660,1850
1600,B,0,1851
1601,R,56195,1852
1602,B,0,1853
1603,I,55644,1854
1604,B,0,1855
1605,R,56278,1855
1606,B,0,1857
1607,I,55657,1857
1608,B,0,1858
1609,R,56172,1859
1610,B,0,1860
1611,I,55683,1861
1612,B,0,1862
1613,R,56156,1863
1614,B,0,1864
1615,I,55600,1865
1616,B,0,1866
1617,R,56230,1867
1618,B,0,1868
1619,I,55628,1869
1620,B,0,1870
1621,R,56211,1871
1622,B,0,1872
1623,I,55625,1872
1624,B,0,1874
1625,R,56185,1874
1626,B,0,1875
1627,I,55625,1876
1628,B,0,1877
1629,R,56131,1878
1630,B,0,1879
1631,I,55564,1880
1632,B,0,1881
1633,R,56160,1882
1634,B,0,1883
1635,I,55609,1884
1636,B,0,1885
1637,R,56118,1886
1638,B,0,1887
1639,I,55590,1887
1640,B,0,1889
1641,R,56108,1889
1642,B,0,1890
1643,I,55491,1891
1644,B,0,1892
1645,R,56073,1893
1646,B,0,1894
1647,I,55484,1895
1648,B,0,1896
1649,R,56083,1897
1650,B,0,1898
1651,I,55443,1899
1652,B,0,1900
1653,R,56086,1901
1654,B,0,1902
1655,I,55500,1903
1656,B,0,1904
1657,R,56057,1904
1658,B,0,1906
1659,I,55401,1906
1660,B,0,1907
1661,R,56048,1908
1662,B,0,1909
1663,I,55388,1910
1664,B,0,1911
1665,R,56035,1912
1666,B,0,1913
1667,I,55344,1914
1668,B,0,1915
1669,R,56009,1916
1670,B,0,1917
1671,I,55324,1918
1672,B,0,1919
1673,R,55961,1920
1674,B,0,1921
1675,I,55353,1921
1676,B,0,1923
1677,R,55968,1923
1678,B,0,1924
1679,I,55251,1925
1680,B,0,1926
1681,R,55926,1927
1682,B,0,1928
1683,I,55216,1929
1684,B,0,1930
1685,R,55929,1931
1686,B,0,1932
1687,I,55228,1933
1688,B,0,1934
1689,R,55868,1935
1690,B,0,1936
1691,I,55267,1937
1692,B,0,1938
1693,R,55971,1938
1694,B,0,1940
1695,I,55206,1940
1696,B,0,1941
1697,R,55884,1942
1698,B,0,1943
1699,I,55174,1944
1700,B,0,1945
1701,R,55936,1946
1702,B,0,1947
1703,I,55203,1948
1704,B,0,1949
1705,R,55888,1950
1706,B,0,1951
1707,I,55184,1952
1708,B,0,1953
1709,R,55900,1953
1710,B,0,1955
1711,I,55126,1955
1712,B,0,1956
1713,R,55913,1957
1714,B,0,1958
1715,I,55145,1959
1716,B,0,1960
1717,R,55920,1961
1718,B,0,1962
1719,I,55100,1963
1720,B,0,1964
1721,R,55852,1965
1722,B,0,1966
1723,I,55248,1967
1724,B,0,1968
1725,R,55875,1969
1726,B,0,1970
1727,I,55123,1970
1728,B,0,1972
1729,R,55801,1972
1730,B,0,1973
1731,I,55110,1974
1732,B,0,1975
1733,R,55833,1976
1734,B,0,1977
1735,I,55081,1978
1736,B,0,1979
1737,R,55859,1980
1738,B,0,1981
1739,I,55129,1982
1740,B,0,1983
1741,R,55795,1984
1742,B,0,1985
1743,I,55107,1986
1744,B,0,1987
1745,R,55872,1987
1746,B,0,1989
1747,I,55120,1989
1748,B,0,1990
1749,R,55827,1991
1750,B,0,1992
1751,I,55187,1993
1752,B,0,1994
1753,R,55856,1995
1754,B,0,1996
1755,I,55100,1997
1756,B,0,1998
1757,R,55884,1999
1758,B,0,2000
1759,I,55097,2001
1760,B,0,2002
1761,R,55894,2003
1762,B,0,2004
1763,I,55078,2004
1764,B,0,2006
1765,R,55862,2006
1766,B,0,2007
1767,I,55177,2008
1768,B,0,2009
1769,R,55868,2010
1770,B,0,2011
1771,I,55155,2012
1772,B,0,2013
1773,R,55820,2014
1774,B,0,2015
1775,I,55148,2016
1776,B,0,2017
1777,R,55859,2018
1778,B,0,2019
1779,I,55158,2019
1780,B,0,2021
1781,R,55830,2021
1782,B,0,2022
1783,I,55161,2023
1784,B,0,2024
1785,R,55862,2025
1786,B,0,2026
1787,I,55171,2027
1788,B,0,2028
1789,R,55939,2029
1790,B,0,2030
1791,I,55187,2031
1792,B,0,2032
1793,R,55913,2033
1794,B,0,2034
1795,I,55158,2035
1796,B,0,2036
1797,R,55881,2036
1798,B,0,2038
1799,I,55116,2038
1800,B,0,2039
1801,R,55865,2040
1802,B,0,2041
1803,I,55155,2042
1804,B,0,2043
1805,R,55939,2044
1806,B,0,2045
1807,I,55142,2046
1808,B,0,2047
1809,R,55888,2048
1810,B,0,2049
1811,I,55187,2050
1812,B,0,2051
1813,R,55913,2052
1814,B,0,2053
1815,I,55152,2053
1816,B,0,2055
1817,R,55868,2055
1818,B,0,2056
1819,I,55209,2057
1820,B,0,2058
1821,R,55852,2059
1822,B,0,2060
1823,I,55155,2061
1824,B,0,2062
1825,R,55904,2063
1826,B,0,2064
1827,I,55180,2065
1828,B,0,2066
1829,R,55910,2067
1830,B,0,2068
1831,I,55161,2069
1832,B,0,2070
1833,R,55907,2070
1834,B,0,2072
1835,I,55139,2072
1836,B,0,2073
1837,R,55942,2074
1838,B,0,2075
1839,I,55196,2076
1840,B,0,2077
1841,R,55859,2078
1842,B,0,2079
1843,I,55145,2080
1844,B,0,2081
1845,R,55907,2082
1846,B,0,2083
1847,I,55142,2084
1848,B,0,2085
1849,R,55862,2085
1850,B,0,2087
1851,I,55139,2087
1852,B,0,2088
1853,R,55852,2089
1854,B,0,2090
1855,I,55184,2091
1856,B,0,2092
1857,R,55843,2093
1858,B,0,2094
1859,I,55139,2095
1860,B,0,2096
1861,R,55977,2097
1862,B,0,2098
1863,I,55164,2099
1864,B,0,2100
1865,R,55888,2101
1866,B,0,2102
1867,I,55097,2102
1868,B,0,2104
1869,R,55980,2104
1870,B,0,2105
1871,I,55187,2106
1872,B,0,2107
1873,R,55843,2108
1874,B,0,2109
1875,I,55145,2110
1876,B,0,2111
1877,R,55971,2112
1878,B,0,2113
1879,I,55180,2114
1880,B,0,2115
1881,R,55894,2116
1882,B,0,2117
1883,I,55184,2118
1884,B,0,2119
1885,R,55945,2119
1886,B,0,2121
1887,I,55116,2121
1888,B,0,2122
1889,R,55907,2123
1890,B,0,2124
1891,I,55145,2125
1892,B,0,2126
1893,R,55913,2127
1894,B,0,2128
1895,I,55132,2129
1896,B,0,2130
1897,R,55894,2131
1898,B,0,2132
1899,I,55222,2133
1900,B,0,2134
1901,R,55900,2135
1902,B,0,2136
1903,I,55129,2136
1904,B,0,2138
1905,R,55846,2138
1906,B,0,2139
1907,I,55104,2140
1908,B,0,2141
1909,R,55827,2142
1910,B,0,2143
1911,I,55254,2144
1912,B,0,2145
1913,R,55868,2146
1914,B,0,2147
1915,I,55136,2148
1916,B,0,2149
1917,R,55891,2150
1918,B,0,2151
1919,I,55139,2151
1920,B,0,2153
1921,R,55910,2153
1922,B,0,2154
1923,I,55174,2155
1924,B,0,2156
1925,R,55865,2157
1926,B,0,2158
1927,I,55107,2159
1928,B,0,2160
1929,R,55888,2161
1930,B,0,2162
1931,I,55107,2163
1932,B,0,2164
1933,R,55926,2165
1934,B,0,2166
1935,I,55161,2167
1936,B,0,2168
1937,R,55894,2168
1938,B,0,2170
1939,I,55148,2170
1940,B,0,2171
1941,R,55881,2172
1942,B,0,2173
1943,I,55161,2174
1944,B,0,2175
1945,R,55875,2176
1946,B,0,2177
1947,I,55136,2178
1948,B,0,2179
1949,R,55846,2180
1950,B,0,2181
1951,I,55158,2182
1952,B,0,2183
1953,R,55868,2184
1954,B,0,2185
1955,I,55142,2185
1956,B,0,2187
1957,R,55830,2187
1958,B,0,2188
1959,I,55139,2189
1960,B,0,2190
1961,R,55830,2191
1962,B,0,2192
1963,I,55152,2193
1964,B,0,2194
1965,R,55872,2195
1966,B,0,2196
1967,I,55164,2197
1968,B,0,2198
1969,R,55856,2199
1970,B,0,2200
1971,I,55113,2201
1972,B,0,2202
1973,R,55910,2202
1974,B,0,2204
1975,I,55126,2204
1976,B,0,2205
1977,R,55875,2206
1978,B,0,2207
1979,I,55113,2208
1980,B,0,2209
1981,R,55846,2210
1982,B,0,2211
1983,I,55129,2212
1984,B,0,2213
1985,R,55884,2214
1986,B,0,2215
1987,I,55168,2216
1988,B,0,2217
1989,R,55900,2217
1990,B,0,2219
1991,I,55177,2219
1992,B,0,2220
1993,R,55862,2221
1994,B,0,2222
1995,I,55177,2223
1996,B,0,2224
1997,R,55827,2225
1998,B,0,2226
1999,I,55123,2227
2000,B,0,2228
2001,R,55891,2229
2002,B,0,2230
2003,I,55152,2231
2004,B,0,2232
2005,R,55897,2233
2006,B,0,2234
2007,I,55177,2234
2008,B,0,2236
2009,R,55913,2236
2010,B,0,2237
2011,I,55155,2238
2012,B,0,2239
2013,R,55888,2240
2014,B,0,2241
2015,I,55177,2242
2016,B,0,2243
2017,R,55955,2244
2018,B,0,2245
2019,I,55174,2246
2020,B,0,2247
2021,R,55875,2248
2022,B,0,2249
2023,I,55180,2250
2024,B,0,2251
2025,R,55881,2251
2026,B,0,2253
2027,I,55190,2253
2028,B,0,2254
2029,R,55932,2255
2030,B,0,2256
2031,I,55193,2257
2032,B,0,2258
2033,R,55846,2259
2034,B,0,2260
2035,I,55238,2261
2036,B,0,2262
2037,R,55910,2263
2038,B,0,2264
2039,I,55196,2265
2040,B,0,2266
2041,R,55958,2267
2042,B,0,2268
2043,I,55254,2268
2044,B,0,2270
2045,R,55955,2270
2046,B,0,2271
2047,I,55216,2272
2048,B,0,2273
2049,R,55913,2274
2050,B,0,2275
2051,I,55264,2276
2052,B,0,2277
2053,R,55993,2278
2054,B,0,2279
2055,I,55180,2280
2056,B,0,2281
2057,R,55939,2282
2058,B,0,2283
2059,I,55260,2283
2060,B,0,2285
2061,R,55948,2285
2062,B,0,2286
2063,I,55196,2287
2064,B,0,2288
2065,R,55916,2289
2066,B,0,2290
2067,I,55273,2291
2068,B,0,2292
2069,R,55958,2293
2070,B,0,2294
2071,I,55219,2295
2072,B,0,2296
2073,R,55952,2297
2074,B,0,2298
2075,I,55164,2299
2076,B,0,2300
2077,R,55964,2300
2078,B,0,2302
2079,I,55164,2302
2080,B,0,2303
2081,R,55907,2304
2082,B,0,2305
2083,I,55267,2306
2084,B,0,2307
2085,R,55907,2308
2086,B,0,2309
2087,I,55305,2310
2088,B,0,2311
2089,R,55945,2312
2090,B,0,2313
2091,I,55248,2314
2092,B,0,2315
2093,R,55971,2316
2094,B,0,2317
2095,I,55248,2317
2096,B,0,2319
2097,R,56022,2319
2098,B,0,2320
2099,I,55283,2321
2100,B,0,2322
2101,R,55948,2323
2102,B,0,2324
2103,I,55280,2325
2104,B,0,2326
2105,R,55990,2327
2106,B,0,2328
2107,I,55260,2329
2108,B,0,2330
2109,R,56006,2331
2110,B,0,2332
2111,I,55273,2333
2112,B,0,2334
2113,R,55974,2334
2114,B,0,2336
2115,I,55286,2336
2116,B,0,2337
2117,R,55993,2338
2118,B,0,2339
2119,I,55308,2340
2120,B,0,2341
2121,R,56000,2342
2122,B,0,2343
2123,I,55299,2344
2124,B,0,2345
2125,R,55948,2346
2126,B,0,2347
2127,I,55420,2348
2128,B,0,2349
2129,R,55942,2349
2130,B,0,2351
2131,I,55308,2351
2132,B,0,2352
2133,R,55923,2353
2134,B,0,2354
2135,I,55363,2355
2136,B,0,2356
2137,R,55974,2357
2138,B,0,2358
2139,I,55395,2359
2140,B,0,2360
2141,R,56032,2361
2142,B,0,2362
2143,I,55433,2363
2144,B,0,2364
2145,R,55971,2365
2146,B,0,2366
2147,I,55321,2366
2148,B,0,2368
2149,R,56044,2368
2150,B,0,2369
2151,I,55308,2370
2152,B,0,2371
2153,R,55987,2372
2154,B,0,2373
2155,I,55347,2374
2156,B,0,2375
2157,R,56022,2376
2158,B,0,2377
2159,I,55414,2378
2160,B,0,2379
2161,R,56080,2380
2162,B,0,2381
2163,I,55350,2382
2164,B,0,2383
2165,R,56035,2383
2166,B,0,2385
2167,I,55392,2385
2168,B,0,2386
2169,R,55987,2387
2170,B,0,2388
2171,I,55411,2389
2172,B,0,2390
2173,R,56038,2391
2174,B,0,2392
2175,I,55417,2393
2176,B,0,2394
2177,R,56022,2395
2178,B,0,2396
2179,I,55398,2397
2180,B,0,2398
2181,R,56019,2399
2182,B,0,2400
2183,I,55388,2400
2184,B,0,2402
2185,R,56064,2402
2186,B,0,2403
2187,I,55427,2404
2188,B,0,2405
2189,R,56003,2406
2190,B,0,2407
2191,I,55430,2408
2192,B,0,2409
2193,R,56016,2410
2194,B,0,2411
2195,I,55382,2412
2196,B,0,2413
2197,R,56012,2414
2198,B,0,2415
2199,I,55299,2415
2200,B,0,2417
2201,R,56048,2417
2202,B,0,2418
2203,I,55408,2419
2204,B,0,2420
2205,R,56054,2421
2206,B,0,2422
2207,I,55404,2423
2208,B,0,2424
2209,R,56028,2425
2210,B,0,2426
2211,I,55382,2427
2212,B,0,2428
2213,R,56054,2429
2214,B,0,2430
2215,I,55388,2431
2216,B,0,2432
2217,R,56028,2432
2218,B,0,2434
2219,I,55456,2434
2220,B,0,2435
2221,R,55996,2436
2222,B,0,2437
2223,I,55427,2438
2224,B,0,2439
2225,R,56003,2440
2226,B,0,2441
2227,I,55411,2442
2228,B,0,2443
2229,R,56044,2444
2230,B,0,2445
2231,I,55427,2446
2232,B,0,2447
2233,R,56035,2448
2234,B,0,2449
2235,I,55446,2449
2236,B,0,2451
2237,R,56067,2451
2238,B,0,2452
2239,I,55500,2453
2240,B,0,2454
2241,R,56051,2455
2242,B,0,2456
2243,I,55456,2457
2244,B,0,2458
2245,R,56076,2459
2246,B,0,2460
2247,I,55475,2461
2248,B,0,2462
2249,R,56076,2463
2250,B,0,2464
2251,I,55504,2465
2252,B,0,2466
2253,R,56156,2466
2254,B,0,2468
2255,I,55526,2468
2256,B,0,2469
2257,R,56201,2470
2258,B,0,2471
2259,I,55529,2472
2260,B,0,2473
2261,R,56108,2474
2262,B,0,2475
2263,I,55520,2476
2264,B,0,2477
2265,R,56153,2478
2266,B,0,2479
2267,I,55513,2480
2268,B,0,2481
2269,R,56102,2481
2270,B,0,2483
2271,I,55545,2483
2272,B,0,2484
2273,R,56092,2485
2274,B,0,2486
2275,I,55612,2487
2276,B,0,2488
2277,R,56076,2489
2278,B,0,2490
2279,I,55516,2491
2280,B,0,2492
2281,R,56176,2493
2282,B,0,2494
2283,I,55542,2495
2284,B,0,2496
2285,R,56153,2497
2286,B,0,2498
2287,I,55539,2498
2288,B,0,2500
2289,R,56121,2500
2290,B,0,2501
2291,I,55548,2502
2292,B,0,2503
2293,R,56150,2504
2294,B,0,2505
2295,I,55552,2506
2296,B,0,2507
2297,R,56131,2508
2298,B,0,2509
2299,I,55574,2510
2300,B,0,2511
2301,R,56156,2512
2302,B,0,2513
2303,I,55574,2514
2304,B,0,2515
2305,R,56182,2515
2306,B,0,2517
2307,I,55539,2517
2308,B,0,2518
2309,R,56163,2519
2310,B,0,2520
2311,I,55574,2521
2312,B,0,2522
2313,R,56118,2523
2314,B,0,2524
2315,I,55593,2525
2316,B,0,2526
2317,R,56083,2527
2318,B,0,2528
2319,I,55564,2529
2320,B,0,2530
2321,R,56105,2531
2322,B,0,2532
2323,I,55574,2532
2324,B,0,2534
2325,R,56211,2534
2326,B,0,2535
2327,I,55651,2536
2328,B,0,2537
2329,R,56131,2538
2330,B,0,2539
2331,I,55564,2540
2332,B,0,2541
2333,R,56172,2542
2334,B,0,2543
2335,I,55577,2544
2336,B,0,2545
2337,R,56169,2546
2338,B,0,2547
2339,I,55587,2547
2340,B,0,2549
2341,R,56166,2549
2342,B,0,2550
2343,I,55609,2551
2344,B,0,2552
2345,R,56185,2553
2346,B,0,2554
2347,I,55641,2555
2348,B,0,2556
2349,R,56201,2557
2350,B,0,2558
2351,I,55609,2559
2352,B,0,2560
2353,R,56137,2561
2354,B,0,2562
2355,I,55574,2563
2356,B,0,2564
2357,R,56163,2564
2358,B,0,2566
2359,I,55641,2566
2360,B,0,2567
2361,R,56169,2568
2362,B,0,2569
2363,I,55638,2570
2364,B,0,2571
2365,R,56182,2572
2366,B,0,2573
2367,I,55683,2574
2368,B,0,2575
2369,R,56128,2576
2370,B,0,2577
2371,I,55596,2578
2372,B,0,2579
2373,R,56137,2580
2374,B,0,2581
2375,I,55600,2581
2376,B,0,2583
2377,R,56185,2583
2378,B,0,2584
2379,I,55699,2585
2380,B,0,2586
2381,R,56188,2587
2382,B,0,2588
2383,I,55708,2589
2384,B,0,2590
2385,R,56188,2591
2386,B,0,2592
2387,I,55686,2593
2388,B,0,2594
2389,R,56134,2595
2390,B,0,2596
2391,I,55680,2597
2392,B,0,2598
2393,R,56163,2598
2394,B,0,2600
2395,I,55644,2600
2396,B,0,2601
2397,R,56201,2602
2398,B,0,2603
2399,I,55622,2604
2400,B,0,2605
2401,R,56201,2606
2402,B,0,2607
2403,I,55673,2608
2404,B,0,2609
2405,R,56252,2610
2406,B,0,2611
2407,I,55673,2612
2408,B,0,2613
2409,R,56150,2613
2410,B,0,2615
2411,I,55692,2615
2412,B,0,2616
2413,R,56169,2617
2414,B,0,2618
2415,I,55737,2619
2416,B,0,2620
2417,R,56214,2621
2418,B,0,2622
2419,I,55737,2623
2420,B,0,2624
2421,R,56236,2625
2422,B,0,2626
2423,I,55686,2627
2424,B,0,2628
2425,R,56160,2629
2426,B,0,2630
2427,I,55632,2630
2428,B,0,2632
2429,R,56198,2632
2430,B,0,2633
2431,I,55673,2634
2432,B,0,2635
2433,R,56217,2636
2434,B,0,2637
2435,I,55676,2638
2436,B,0,2639
2437,R,56214,2640
2438,B,0,2641
2439,I,55689,2642
2440,B,0,2643
2441,R,56166,2644
2442,B,0,2645
2443,I,55609,2646
2444,B,0,2647
2445,R,56185,2647
2446,B,0,2649
2447,I,55705,2649
2448,B,0,2650
2449,R,56208,2651
2450,B,0,2652
2451,I,55622,2653
2452,B,0,2654
2453,R,56201,2655
2454,B,0,2656
2455,I,55683,2657
2456,B,0,2658
2457,R,56208,2659
2458,B,0,2660
2459,I,55712,2661
2460,B,0,2662
2461,R,56185,2663
2462,B,0,2664
2463,I,55680,2664
2464,B,0,2666
2465,R,56182,2666
2466,B,0,2667
2467,I,55747,2668
2468,B,0,2669
2469,R,56204,2670
2470,B,0,2671
2471,I,55718,2672
2472,B,0,2673
2473,R,56204,2674
2474,B,0,2675
2475,I,55696,2676
2476,B,0,2677
2477,R,56163,2678
2478,B,0,2679
2479,I,55772,2679
2480,B,0,2681
2481,R,56198,2681
2482,B,0,2682
2483,I,55696,2683
2484,B,0,2684
2485,R,56163,2685
2486,B,0,2686
2487,I,55833,2687
2488,B,0,2688
2489,R,56230,2689
2490,B,0,2690
2491,I,55731,2691
2492,B,0,2692
2493,R,56144,2693
2494,B,0,2694
2495,I,55712,2695
2496,B,0,2696
2497,R,56214,2696
2498,B,0,2698
2499,I,55731,2698
2500,B,0,2699
2501,R,56220,2700
2502,B,0,2701
2503,I,55699,2702
2504,B,0,2703
2505,R,56195,2704
2506,B,0,2705
2507,I,55696,2706
2508,B,0,2707
2509,R,56208,2708
2510,B,0,2709
2511,I,55728,2710
2512,B,0,2711
2513,R,56192,2712
2514,B,0,2713
2515,I,55737,2713
2516,B,0,2715
2517,R,56128,2715
2518,B,0,2716
2519,I,55715,2717
2520,B,0,2718
2521,R,56198,2719
2522,B,0,2720
2523,I,55699,2721
2524,B,0,2722
2525,R,56166,2723
2526,B,0,2724
2527,I,55689,2725
2528,B,0,2726
2529,R,56211,2727
2530,B,0,2728
2531,I,55731,2729
2532,B,0,2730
2533,R,56166,2730
2534,B,0,2732
2535,I,55699,2732
2536,B,0,2733
2537,R,56192,2734
2538,B,0,2735
2539,I,55715,2736
2540,B,0,2737
2541,R,56137,2738
2542,B,0,2739
2543,I,55728,2740
2544,B,0,2741
2545,R,56227,2742
2546,B,0,2743
2547,I,55731,2744
2548,B,0,2745
2549,R,56179,2745
2550,B,0,2747
2551,I,55702,2747
2552,B,0,2748
2553,R,56201,2749
2554,B,0,2750
2555,I,55724,2751
2556,B,0,2752
2557,R,56214,2753
2558,B,0,2754
2559,I,55702,2755
2560,B,0,2756
2561,R,56188,2757
2562,B,0,2758
2563,I,55734,2759
2564,B,0,2760
2565,R,56217,2761
2566,B,0,2762
2567,I,55811,2762
2568,B,0,2764
2569,R,56224,2764
2570,B,0,2765
2571,I,55763,2766
2572,B,0,2767
2573,R,56156,2768
2574,B,0,2769
2575,I,55788,2770
2576,B,0,2771
2577,R,56166,2772
2578,B,0,2773
2579,I,55772,2774
2580,B,0,2775
2581,R,56192,2776
2582,B,0,2777
2583,I,55808,2778
2584,B,0,2779
2585,R,56198,2779
2586,B,0,2781
2587,I,55801,2781
2588,B,0,2782
2589,R,56252,2783
2590,B,0,2784
2591,I,55833,2785
2592,B,0,2786
2593,R,56240,2787
2594,B,0,2788
2595,I,55753,2789
2596,B,0,2790
2597,R,56240,2791
2598,B,0,2792
2599,I,55801,2793
2600,B,0,2794
2601,R,56230,2795
2602,B,0,2796
2603,I,55776,2796
2604,B,0,2798
2605,R,56243,2798
2606,B,0,2799
2607,I,55843,2800
2608,B,0,2801
2609,R,56291,2802
2610,B,0,2803
2611,I,55782,2804
2612,B,0,2805
2613,R,56262,2806
2614,B,0,2807
2615,I,55824,2808
2616,B,0,2809
2617,R,56246,2810
2618,B,0,2811
2619,I,55881,2811
2620,B,0,2813
2621,R,56233,2813
2622,B,0,2814
2623,I,55849,2815
2624,B,0,2816
2625,R,56236,2817
2626,B,0,2818
2627,I,55865,2819
2628,B,0,2820
2629,R,56262,2821
2630,B,0,2822
2631,I,55817,2823
2632,B,0,2824
2633,R,56256,2825
2634,B,0,2826
2635,I,55833,2827
2636,B,0,2828
2637,R,56220,2828
2638,B,0,2830
2639,I,55801,2830
2640,B,0,2831
2641,R,56236,2832
2642,B,0,2833
2643,I,55788,2834
2644,B,0,2835
2645,R,56217,2836
2646,B,0,2837
2647,I,55782,2838
2648,B,0,2839
2649,R,56211,2840
2650,B,0,2841
2651,I,55792,2842
2652,B,0,2843
2653,R,56208,2844
2654,B,0,2845
2655,I,55792,2845
2656,B,0,2847
2657,R,56156,2847
2658,B,0,2848
2659,I,55760,2849
2660,B,0,2850
2661,R,56118,2851
2662,B,0,2852
2663,I,55744,2853
2664,B,0,2854
2665,R,56102,2855
2666,B,0,2856
2667,I,55660,2857
2668,B,0,2858
2669,R,56076,2859
2670,B,0,2860
2671,I,55664,2861
2672,B,0,2862
2673,R,56051,2862
2674,B,0,2864
2675,I,55625,2864
2676,B,0,2865
2677,R,56108,2866
2678,B,0,2867
2679,I,55632,2868
2680,B,0,2869
2681,R,56035,2870
2682,B,0,2871
2683,I,55577,2872
2684,B,0,2873
2685,R,56070,2874
2686,B,0,2875
2687,I,55548,2876
2688,B,0,2877
2689,R,56009,2877
2690,B,0,2879
2691,I,55488,2879
2692,B,0,2880
2693,R,55990,2881
2694,B,0,2882
2695,I,55481,2883
2696,B,0,2884
2697,R,55993,2885
2698,B,0,2886
2699,I,55436,2887
2700,B,0,2888
2701,R,55964,2889
2702,B,0,2890
2703,I,55417,2891
2704,B,0,2892
2705,R,55958,2893
2706,B,0,2894
2707,I,55443,2894
2708,B,0,2896
2709,R,55936,2896
2710,B,0,2897
2711,I,55369,2898
2712,B,0,2899
2713,R,55980,2900
2714,B,0,2901
2715,I,55398,2902
2716,B,0,2903
2717,R,55894,2904
2718,B,0,2905
2719,I,55363,2906
2720,B,0,2907
2721,R,55833,2908
2722,B,0,2909
2723,I,55328,2910
2724,B,0,2911
2725,R,55836,2911
2726,B,0,2913
2727,I,55286,2913
2728,B,0,2914
2729,R,55894,2915
2730,B,0,2916
2731,I,55305,2917
2732,B,0,2918
2733,R,55891,2919
2734,B,0,2920
2735,I,55260,2921
2736,B,0,2922
2737,R,55884,2923
2738,B,0,2924
2739,I,55257,2925
2740,B,0,2926
2741,R,55878,2927
2742,B,0,2928
2743,I,55238,2928
2744,B,0,2930
2745,R,55910,2930
2746,B,0,2931
2747,I,55225,2932
2748,B,0,2933
2749,R,55846,2934
2750,B,0,2935
2751,I,55289,2936
2752,B,0,2937
2753,R,55900,2938
2754,B,0,2939
2755,I,55225,2940
2756,B,0,2941
2757,R,55808,2942
2758,B,0,2943
2759,I,55235,2943
2760,B,0,2945
2761,R,55836,2945
2762,B,0,2946
2763,I,55251,2947
2764,B,0,2948
2765,R,55904,2949
2766,B,0,2950
2767,I,55251,2951
2768,B,0,2952
2769,R,55836,2953
2770,B,0,2954
2771,I,55161,2955
2772,B,0,2956
2773,R,55852,2957
2774,B,0,2958
2775,I,55206,2959
2776,B,0,2960
2777,R,55859,2960
2778,B,0,2962
2779,I,55248,2962
2780,B,0,2963
2781,R,55856,2964
2782,B,0,2965
2783,I,55222,2966
2784,B,0,2967
2785,R,55859,2968
2786,B,0,2969
2787,I,55228,2970
2788,B,0,2971
2789,R,55884,2972
2790,B,0,2973
2791,I,55212,2974
2792,B,0,2975
2793,R,55856,2976
2794,B,0,2977
2795,I,55209,2977
2796,B,0,2979
2797,R,55843,2979
2798,B,0,2980
2799,I,55238,2981
2800,B,0,2982
2801,R,55865,2983
2802,B,0,2984
2803,I,55235,2985
2804,B,0,2986
2805,R,55862,2987
2806,B,0,2988
2807,I,55254,2989
2808,B,0,2990
2809,R,55811,2991
2810,B,0,2992
2811,I,55216,2993
2812,B,0,2994
2813,R,55923,2994
2814,B,0,2996
2815,I,55216,2996
2816,B,0,2997
2817,R,55878,2998
2818,B,0,2999
2819,I,55203,3000
2820,B,0,3001
2821,R,55856,3002
2822,B,0,3003
2823,I,55244,3004
2824,B,0,3005
2825,R,55878,3006
2826,B,0,3007
2827,I,55222,3008
2828,B,0,3009
2829,R,55904,3009
2830,B,0,3011
2831,I,55283,3011
2832,B,0,3012
2833,R,55881,3013
2834,B,0,3014
2835,I,55212,3015
2836,B,0,3016
2837,R,55888,3017
2838,B,0,3018
2839,I,55299,3019
2840,B,0,3020
2841,R,55875,3021
2842,B,0,3022
2843,I,55235,3023
2844,B,0,3024
2845,R,55875,3025
2846,B,0,3026
2847,I,55308,3026
2848,B,0,3028
2849,R,55856,3028
2850,B,0,3029
2851,I,55216,3030
2852,B,0,3031
2853,R,55859,3032
2854,B,0,3033
2855,I,55273,3034
2856,B,0,3035
2857,R,55952,3036
2858,B,0,3037
2859,I,55209,3038
2860,B,0,3039
2861,R,55894,3040
2862,B,0,3041
2863,I,55254,3042
2864,B,0,3043
2865,R,55897,3043
2866,B,0,3045
2867,I,55257,3045
2868,B,0,3046
2869,R,55894,3047
2870,B,0,3048
2871,I,55228,3049
2872,B,0,3050
2873,R,55865,3051
2874,B,0,3052
2875,I,55241,3053
2876,B,0,3054
2877,R,55894,3055
2878,B,0,3056
2879,I,55244,3057
2880,B,0,3058
2881,R,55881,3059
2882,B,0,3060
2883,I,55286,3060
2884,B,0,3062
2885,R,55888,3062
2886,B,0,3063
2887,I,55238,3064
2888,B,0,3065
2889,R,55801,3066
2890,B,0,3067
2891,I,55276,3068
2892,B,0,3069
2893,R,55804,3070
2894,B,0,3071
2895,I,55161,3072
2896,B,0,3073
2897,R,55849,3074
2898,B,0,3075
2899,I,55286,3075
2900,B,0,3077
2901,R,55843,3077
2902,B,0,3078
2903,I,55209,3079
2904,B,0,3080
2905,R,55856,3081
2906,B,0,3082
2907,I,55200,3083
2908,B,0,3084
2909,R,55856,3085
2910,B,0,3086
2911,I,55193,3087
2912,B,0,3088
2913,R,55862,3089
2914,B,0,3090
2915,I,55225,3091
2916,B,0,3092
2917,R,55859,3092
2918,B,0,3094
2919,I,55296,3094
2920,B,0,3095
2921,R,55865,3096
2922,B,0,3097
2923,I,55216,3098
2924,B,0,3099
2925,R,55824,3100
2926,B,0,3101
2927,I,55273,3102
2928,B,0,3103
2929,R,55817,3104
2930,B,0,3105
2931,I,55238,3106
2932,B,0,3107
2933,R,55804,3108
2934,B,0,3109
2935,I,55283,3109
2936,B,0,3111
2937,R,55836,3111
2938,B,0,3112
2939,I,55232,3113
2940,B,0,3114
2941,R,55926,3115
2942,B,0,3116
2943,I,55209,3117
2944,B,0,3118
2945,R,55862,3119
2946,B,0,3120
2947,I,55209,3121
2948,B,0,3122
2949,R,55833,3123
2950,B,0,3124
2951,I,55209,3125
2952,B,0,3126
2953,R,55942,3126
2954,B,0,3128
2955,I,55225,3128
2956,B,0,3129
2957,R,55849,3130
2958,B,0,3131
2959,I,55244,3132
2960,B,0,3133
2961,R,55843,3134
2962,B,0,3135
2963,I,55267,3136
2964,B,0,3137
2965,R,55868,3138
2966,B,0,3139
2967,I,55232,3140
2968,B,0,3141
2969,R,55827,3141
2970,B,0,3143
2971,I,55241,3143
2972,B,0,3144
2973,R,55875,3145
2974,B,0,3146
2975,I,55235,3147
2976,B,0,3148
2977,R,55846,3149
2978,B,0,3150
2979,I,55244,3151
2980,B,0,3152
2981,R,55817,3153
2982,B,0,3154
2983,I,55232,3155
2984,B,0,3156
2985,R,55843,3157
2986,B,0,3158
2987,I,55257,3158
2988,B,0,3160
2989,R,55856,3160
2990,B,0,3161
2991,I,55219,3162
2992,B,0,3163
2993,R,55875,3164
2994,B,0,3165
2995,I,55238,3166
2996,B,0,3167
2997,R,55856,3168
2998,B,0,3169
2999,I,55251,3170
3000,B,0,3171
3001,R,55833,3172
3002,B,0,3173
3003,I,55139,3174
3004,B,0,3175
3005,R,55852,3175
3006,B,0,3177
3007,I,55184,3177
3008,B,0,3178
3009,R,55830,3179
3010,B,0,3180
3011,I,55232,3181
3012,B,0,3182
3013,R,55859,3183
3014,B,0,3184
3015,I,55254,3185
3016,B,0,3186
3017,R,55862,3187
3018,B,0,3188
3019,I,55222,3189
3020,B,0,3190
3021,R,55804,3191
3022,B,0,3192
3023,I,55248,3192
3024,B,0,3194
3025,R,55824,3194
3026,B,0,3195
3027,I,55264,3196
3028,B,0,3197
3029,R,55884,3198
3030,B,0,3199
3031,I,55276,3200
3032,B,0,3201
3033,R,55849,3202
3034,B,0,3203
3035,I,55216,3204
3036,B,0,3205
3037,R,55939,3206
3038,B,0,3207
3039,I,55232,3207
3040,B,0,3209
3041,R,55872,3209
3042,B,0,3210
3043,I,55216,3211
3044,B,0,3212
3045,R,55881,3213
3046,B,0,3214
3047,I,55254,3215
3048,B,0,3216
3049,R,55916,3217
3050,B,0,3218
3051,I,55264,3219
3052,B,0,3220
3053,R,55884,3221
3054,B,0,3222
3055,I,55270,3223
3056,B,0,3224
3057,R,55891,3224
3058,B,0,3226
3059,I,55289,3226
3060,B,0,3227
3061,R,55932,3228
3062,B,0,3229
3063,I,55334,3230
3064,B,0,3231
3065,R,55872,3232
3066,B,0,3233
3067,I,55388,3234
3068,B,0,3235
3069,R,55897,3236
3070,B,0,3237
3071,I,55260,3238
3072,B,0,3239
3073,R,55808,3240
3074,B,0,3241
3075,I,55264,3241
3076,B,0,3243
3077,R,55865,3243
3078,B,0,3244
3079,I,55289,3245
3080,B,0,3246
3081,R,55936,3247
3082,B,0,3248
3083,I,55318,3249
3084,B,0,3250
3085,R,55904,3251
3086,B,0,3252
3087,I,55283,3253
3088,B,0,3254
3089,R,55923,3255
3090,B,0,3256
3091,I,55321,3257
3092,B,0,3258
3093,R,55904,3258
3094,B,0,3260
3095,I,55312,3260
3096,B,0,3261
3097,R,55942,3262
3098,B,0,3263
3099,I,55225,3264
3100,B,0,3265
3101,R,55913,3266
3102,B,0,3267
3103,I,55379,3268
3104,B,0,3269
3105,R,55964,3270
3106,B,0,3271
3107,I,55264,3272
3108,B,0,3273
3109,R,55897,3273
3110,B,0,3275
3111,I,55315,3275
3112,B,0,3276
3113,R,55916,3277
3114,B,0,3278
3115,I,55356,3279
3116,B,0,3280
3117,R,55900,3281
3118,B,0,3282
3119,I,55392,3283
3120,B,0,3284
3121,R,55859,3285
3122,B,0,3286
3123,I,55475,3287
3124,B,0,3288
3125,R,55948,3289
3126,B,0,3290
3127,I,55385,3290
3128,B,0,3292
3129,R,55907,3292
3130,B,0,3293
3131,I,55308,3294
3132,B,0,3295
3133,R,55913,3296
3134,B,0,3297
3135,I,55379,3298
3136,B,0,3299
3137,R,55939,3300
3138,B,0,3301
3139,I,55363,3302
3140,B,0,3303
3141,R,55939,3304
3142,B,0,3305
3143,I,55353,3306
3144,B,0,3307
3145,R,55891,3307
3146,B,0,3309
3147,I,55420,3309
3148,B,0,3310
3149,R,55900,3311
3150,B,0,3312
3151,I,55366,3313
3152,B,0,3314
3153,R,55878,3315
3154,B,0,3316
3155,I,55424,3317
3156,B,0,3318
3157,R,55904,3319
3158,B,0,3320
3159,I,55379,3321
3160,B,0,3322
3161,R,55945,3323
3162,B,0,3324
3163,I,55379,3324
3164,B,0,3326
3165,R,55939,3326
3166,B,0,3327
3167,I,55420,3328
3168,B,0,3329
3169,R,55961,3330
3170,B,0,3331
3171,I,55379,3332
3172,B,0,3333
3173,R,55939,3334
3174,B,0,3335
3175,I,55414,3336
3176,B,0,3337
3177,R,55916,3338
3178,B,0,3339
3179,I,55369,3339
3180,B,0,3341
3181,R,55932,3341
3182,B,0,3342
3183,I,55376,3343
3184,B,0,3344
3185,R,55942,3345
3186,B,0,3346
3187,I,55388,3347
3188,B,0,3348
3189,R,55993,3349
3190,B,0,3350
3191,I,55388,3351
3192,B,0,3352
3193,R,55923,3353
3194,B,0,3354
3195,I,55417,3355
3196,B,0,3356
3197,R,55916,3356
3198,B,0,3358
3199,I,55379,3358
3200,B,0,3359
3201,R,55977,3360
3202,B,0,3361
3203,I,55363,3362
3204,B,0,3363
3205,R,55884,3364
3206,B,0,3365
3207,I,55360,3366
3208,B,0,3367
3209,R,55936,3368
3210,B,0,3369
3211,I,55401,3370
3212,B,0,3371
3213,R,55859,3372
3214,B,0,3373
3215,I,55408,3373
3216,B,0,3375
3217,R,55900,3375
3218,B,0,3376
3219,I,55408,3377
3220,B,0,3378
3221,R,55942,3379
3222,B,0,3380
3223,I,55366,3381
3224,B,0,3382
3225,R,55926,3383
3226,B,0,3384
3227,I,55404,3385
3228,B,0,3386
3229,R,55964,3387
3230,B,0,3388
3231,I,55366,3389
3232,B,0,3390
3233,R,55923,3390
3234,B,0,3392
3235,I,55376,3392
3236,B,0,3393
3237,R,55910,3394
3238,B,0,3395
3239,I,55360,3396
3240,B,0,3397
3241,R,55868,3398
3242,B,0,3399
3243,I,55443,3400
3244,B,0,3401
3245,R,55852,3402
3246,B,0,3403
3247,I,55324,3404
3248,B,0,3405
3249,R,55891,3405
3250,B,0,3407
3251,I,55414,3407
3252,B,0,3408
3253,R,55942,3409
3254,B,0,3410
3255,I,55414,3411
3256,B,0,3412
3257,R,55910,3413
3258,B,0,3414
3259,I,55417,3415
3260,B,0,3416
3261,R,55932,3417
3262,B,0,3418
3263,I,55395,3419
3264,B,0,3420
3265,R,55942,3421
3266,B,0,3422
3267,I,55433,3422
3268,B,0,3424
3269,R,55961,3424
3270,B,0,3425
3271,I,55404,3426
3272,B,0,3427
3273,R,55948,3428
3274,B,0,3429
3275,I,55462,3430
3276,B,0,3431
3277,R,55977,3432
3278,B,0,3433
3279,I,55395,3434
3280,B,0,3435
3281,R,55974,3436
3282,B,0,3437
3283,I,55414,3438
3284,B,0,3439
3285,R,55990,3439
3286,B,0,3441
3287,I,55411,3441
3288,B,0,3442
3289,R,55974,3443
3290,B,0,3444
3291,I,55497,3445
3292,B,0,3446
3293,R,55942,3447
3294,B,0,3448
3295,I,55491,3449
3296,B,0,3450
3297,R,55942,3451
3298,B,0,3452
3299,I,55420,3453
3300,B,0,3454
3301,R,55913,3455
3302,B,0,3456
3303,I,55433,3456
3304,B,0,3458
3305,R,56016,3458
3306,B,0,3459
3307,I,55446,3460
3308,B,0,3461
3309,R,55990,3462
3310,B,0,3463
3311,I,55440,3464
3312,B,0,3465
3313,R,55971,3466
3314,B,0,3467
3315,I,55452,3468
3316,B,0,3469
3317,R,55984,3470
3318,B,0,3471
3319,I,55440,3471
3320,B,0,3473
3321,R,56003,3473
3322,B,0,3474
3323,I,55427,3475
3324,B,0,3476
3325,R,56028,3477
3326,B,0,3478
3327,I,55472,3479
3328,B,0,3480
3329,R,56028,3481
3330,B,0,3482
3331,I,55491,3483
3332,B,0,3484
3333,R,55980,3485
3334,B,0,3486
3335,I,55507,3487
3336,B,0,3488
3337,R,55990,3488
3338,B,0,3490
3339,I,55500,3490
3340,B,0,3491
3341,R,55977,3492
3342,B,0,3493
3343,I,55542,3494
3344,B,0,3495
3345,R,56009,3496
3346,B,0,3497
3347,I,55628,3498
3348,B,0,3499
3349,R,55977,3500
3350,B,0,3501
3351,I,55456,3502
3352,B,0,3503
3353,R,55948,3504
3354,B,0,3505
3355,I,55520,3505
3356,B,0,3507
3357,R,56012,3507
3358,B,0,3508
3359,I,55504,3509
3360,B,0,3510
3361,R,56035,3511
3362,B,0,3512
3363,I,55520,3513
3364,B,0,3514
3365,R,56016,3515
3366,B,0,3516
3367,I,55548,3517
3368,B,0,3518
3369,R,56000,3519
3370,B,0,3520
3371,I,55648,3521
3372,B,0,3522
3373,R,56051,3522
3374,B,0,3524
3375,I,55548,3524
3376,B,0,3525
3377,R,56032,3526
3378,B,0,3527
3379,I,55632,3528
3380,B,0,3529
3381,R,56038,3530
3382,B,0,3531
3383,I,55612,3532
3384,B,0,3533
3385,R,56019,3534
3386,B,0,3535
3387,I,55590,3536
3388,B,0,3537
3389,R,56054,3537
3390,B,0,3539
3391,I,55628,3539
3392,B,0,3540
3393,R,56057,3541
3394,B,0,3542
3395,I,55673,3543
3396,B,0,3544
3397,R,56064,3545
3398,B,0,3546
3399,I,55619,3547
3400,B,0,3548
3401,R,56083,3549
3402,B,0,3550
3403,I,55635,3551
3404,B,0,3552
3405,R,56099,3553
3406,B,0,3554
3407,I,55657,3554
3408,B,0,3556
3409,R,56150,3556
3410,B,0,3557
3411,I,55635,3558
3412,B,0,3559
3413,R,56134,3560
3414,B,0,3561
3415,I,55718,3562
3416,B,0,3563
3417,R,56156,3564
3418,B,0,3565
3419,I,55705,3566
3420,B,0,3567
3421,R,56032,3568
3422,B,0,3569
3423,I,55686,3570
3424,B,0,3571
3425,R,56096,3571
3426,B,0,3573
3427,I,55670,3573
3428,B,0,3574
3429,R,56060,3575
3430,B,0,3576
3431,I,55712,3577
3432,B,0,3578
3433,R,56083,3579
3434,B,0,3580
3435,I,55680,3581
3436,B,0,3582
3437,R,56169,3583
3438,B,0,3584
3439,I,55683,3585
3440,B,0,3586
3441,R,56118,3587
3442,B,0,3588
3443,I,55683,3588
3444,B,0,3590
3445,R,56124,3590
3446,B,0,3591
3447,I,55737,3592
3448,B,0,3593
3449,R,56124,3594
3450,B,0,3595
3451,I,55740,3596
3452,B,0,3597
3453,R,56163,3598
3454,B,0,3599
3455,I,55721,3600
3456,B,0,3601
3457,R,56134,3602
3458,B,0,3603
3459,I,55756,3603
3460,B,0,3605
3461,R,56166,3605
3462,B,0,3606
3463,I,55712,3607
3464,B,0,3608
3465,R,56099,3609
3466,B,0,3610
3467,I,55664,3611
3468,B,0,3612
3469,R,56096,3613
3470,B,0,3614
3471,I,55750,3615
3472,B,0,3616
3473,R,56064,3617
3474,B,0,3618
3475,I,55737,3619
3476,B,0,3620
3477,R,56118,3620
3478,B,0,3622
3479,I,55708,3622
3480,B,0,3623
3481,R,56211,3624
3482,B,0,3625
3483,I,55772,3626
3484,B,0,3627
3485,R,56105,3628
3486,B,0,3629
3487,I,55692,3630
3488,B,0,3631
3489,R,56249,3632
3490,B,0,3633
3491,I,55740,3634
3492,B,0,3635
3493,R,56163,3636
3494,B,0,3637
3495,I,55724,3637
3496,B,0,3639
3497,R,56131,3639
3498,B,0,3640
3499,I,55756,3641
3500,B,0,3642
3501,R,56182,3643
3502,B,0,3644
3503,I,55776,3645
3504,B,0,3646
3505,R,56182,3647
3506,B,0,3648
3507,I,55772,3649
3508,B,0,3650
3509,R,56246,3651
3510,B,0,3652
3511,I,55817,3653
3512,B,0,3654
3513,R,56201,3654
3514,B,0,3656
3515,I,55817,3656
3516,B,0,3657
3517,R,56140,3658
3518,B,0,3659
3519,I,55772,3660
3520,B,0,3661
3521,R,56150,3662
3522,B,0,3663
3523,I,55808,3664
3524,B,0,3665
3525,R,56204,3666
3526,B,0,3667
3527,I,55801,3668
3528,B,0,3669
3529,R,56169,3669
3530,B,0,3671
3531,I,55798,3671
3532,B,0,3672
3533,R,56198,3673
3534,B,0,3674
3535,I,55811,3675
3536,B,0,3676
3537,R,56156,3677
3538,B,0,3678
3539,I,55734,3679
3540,B,0,3680
3541,R,56182,3681
3542,B,0,3682
3543,I,55817,3683
3544,B,0,3684
3545,R,56208,3685
3546,B,0,3686
3547,I,55872,3686
3548,B,0,3688
3549,R,56246,3688
3550,B,0,3689
3551,I,55840,3690
3552,B,0,3691
3553,R,56179,3692
3554,B,0,3693
3555,I,55846,3694
3556,B,0,3695
3557,R,56176,3696
3558,B,0,3697
3559,I,55760,3698
3560,B,0,3699
3561,R,56214,3700
3562,B,0,3701
3563,I,55795,3702
3564,B,0,3703
3565,R,56227,3703
3566,B,0,3705
3567,I,55894,3705
3568,B,0,3706
3569,R,56240,3707
3570,B,0,3708
3571,I,55852,3709
3572,B,0,3710
3573,R,56188,3711
3574,B,0,3712
3575,I,55891,3713
3576,B,0,3714
3577,R,56208,3715
3578,B,0,3716
3579,I,55849,3717
3580,B,0,3718
3581,R,56236,3719
3582,B,0,3720
3583,I,55884,3720
3584,B,0,3722
3585,R,56217,3722
3586,B,0,3723
3587,I,55856,3724
3588,B,0,3725
3589,R,56249,3726
3590,B,0,3727
3591,I,55884,3728
3592,B,0,3729
3593,R,56179,3730
3594,B,0,3731
3595,I,55891,3732
3596,B,0,3733
3597,R,56230,3734
3598,B,0,3735
3599,I,55971,3735
3600,B,0,3737
3601,R,56220,3737
3602,B,0,3738
3603,I,55952,3739
3604,B,0,3740
3605,R,56259,3741
3606,B,0,3742
3607,I,55897,3743
3608,B,0,3744
3609,R,56192,3745
3610,B,0,3746
3611,I,55910,3747
3612,B,0,3748
3613,R,56249,3749
3614,B,0,3750
3615,I,55910,3751
3616,B,0,3752
3617,R,56182,3752
3618,B,0,3754
3619,I,55936,3754
3620,B,0,3755
3621,R,56262,3756
3622,B,0,3757
3623,I,55878,3758
3624,B,0,3759
3625,R,56204,3760
3626,B,0,3761
3627,I,55900,3762
3628,B,0,3763
3629,R,56220,3764
3630,B,0,3765
3631,I,55878,3766
3632,B,0,3767
3633,R,56176,3768
3634,B,0,3769
3635,I,55872,3769
3636,B,0,3771
3637,R,56220,3771
3638,B,0,3772
3639,I,55859,3773
3640,B,0,3774
3641,R,56220,3775
3642,B,0,3776
3643,I,55920,3777
3644,B,0,3778
3645,R,56233,3779
3646,B,0,3780
3647,I,55811,3781
3648,B,0,3782
3649,R,56121,3783
3650,B,0,3784
3651,I,55868,3785
3652,B,0,3786
3653,R,56169,3786
3654,B,0,3788
3655,I,55760,3788
3656,B,0,3789
3657,R,56160,3790
3658,B,0,3791
3659,I,55772,3792
3660,B,0,3793
3661,R,56086,3794
3662,B,0,3795
3663,I,55705,3796
3664,B,0,3797
3665,R,56112,3798
3666,B,0,3799
3667,I,55702,3800
3668,B,0,3801
3669,R,56057,3801
3670,B,0,3803
3671,I,55667,3803
3672,B,0,3804
3673,R,56054,3805
3674,B,0,3806
3675,I,55638,3807
3676,B,0,3808
3677,R,56041,3809
3678,B,0,3810
3679,I,55641,3811
3680,B,0,3812
3681,R,56060,3813
3682,B,0,3814
3683,I,55603,3815
3684,B,0,3816
3685,R,55964,3817
3686,B,0,3818
3687,I,55580,3818
3688,B,0,3820
3689,R,56019,3820
3690,B,0,3821
3691,I,55555,3822
3692,B,0,3823
3693,R,55920,3824
3694,B,0,3825
3695,I,55526,3826
3696,B,0,3827
3697,R,55945,3828
3698,B,0,3829
3699,I,55436,3830
3700,B,0,3831
3701,R,55846,3832
3702,B,0,3833
3703,I,55462,3834
3704,B,0,3835
3705,R,55923,3835
3706,B,0,3837
3707,I,55401,3837
3708,B,0,3838
3709,R,55904,3839
3710,B,0,3840
3711,I,55420,3841
3712,B,0,3842
3713,R,55875,3843
3714,B,0,3844
3715,I,55350,3845
3716,B,0,3846
3717,R,55846,3847
3718,B,0,3848
3719,I,55369,3849
3720,B,0,3850
3721,R,55836,3851
3722,B,0,3852
3723,I,55276,3852
3724,B,0,3854
3725,R,55856,3854
3726,B,0,3855
3727,I,55289,3856
3728,B,0,3857
3729,R,55820,3858
3730,B,0,3859
3731,I,55305,3860
3732,B,0,3861
3733,R,55891,3862
3734,B,0,3863
3735,I,55280,3864
3736,B,0,3865
3737,R,55776,3866
3738,B,0,3867
3739,I,55280,3867
3740,B,0,3869
3741,R,55849,3869
3742,B,0,3870
3743,I,55257,3871
3744,B,0,3872
3745,R,55788,3873
3746,B,0,3874
3747,I,55283,3875
3748,B,0,3876
